0.010300
0.010168
0.009677
0.009703
0.009759
0.009944
0.009733
0.009856
0.009766
0.009686
0.009693
0.009729
0.009783
0.009797
0.009818
0.009693
0.009761
0.009677
0.009863
0.010652
0.009752
0.009720
0.009753
0.009701
0.009711
0.010046
0.009789
0.009753
0.009763
0.009766
0.009760
0.009678
0.010336
0.009718
0.009791
0.009679
0.009820
0.009797
0.009731
0.009696
0.009680
0.009730
0.009738
0.010074
0.010033
0.009794
0.009859
0.009744
0.009882
0.010125
0.010194
0.010384
0.009942
0.009983
0.009896
0.010184
0.009907
0.010880
0.009716
0.009830
0.009876
0.009845
0.009822
0.010558
0.009730
0.009917
0.009701
0.009756
0.009802
0.009846
0.010433
0.010286
0.010221
0.010255
0.010973
0.010063
0.009978
0.010078
0.009954
0.010057
0.010050
0.010118
0.009999
0.010108
0.009735
0.009881
0.009823
0.009898
0.010025
0.009773
0.010414
0.009779
0.009771
0.009881
0.010247
0.009988
0.010169
0.009983
0.009845
0.010138
0.009851
0.010161
0.009757
0.010086
0.009725
0.010187
0.009959
0.009770
0.009722
0.010185
0.009718
0.009661
0.010004
0.010081
0.009687
0.009794
0.010125
0.009970
0.010497
0.009714
0.009716
0.009819
0.009832
0.009749
0.009879
0.009727
0.010072
0.009785
0.009987
0.009690
0.010143
0.009761
0.010207
0.009837
0.010652
0.009856
0.009997
0.009779
0.010081
0.010044
0.009728
0.009899
0.010068
0.010038
0.009758
0.010556
0.009833
0.009869
0.010405
0.009646
0.009705
0.010305
0.009726
0.010075
0.010727
0.009802
0.009991
0.009805
0.009960
0.010160
0.010224
0.009858
0.010158
0.010268
0.009745
0.010129
0.010130
0.009719
0.009712
0.009730
0.009723
0.009862
0.011678
0.011530
0.010142
0.009963
0.009699
0.010308
0.009921
0.009691
0.009675
0.009797
0.009717
0.010065
0.010150
0.010708
0.010357
0.010159
0.010589
0.010174
0.009918
0.009855
0.009851
0.009865
0.009709
0.010434
0.009711
0.009647
0.009708
0.009944
0.009938
0.010185
0.010268
0.009953
0.009733
0.010084
0.009702
0.009726
0.010812
0.009884
0.009894
0.009878
0.009837
0.009771
0.010639
0.010198
0.010038
0.009904
0.009962
0.009715
0.010119
0.010185
0.009957
0.009824
0.009717
0.009679
0.009838
0.010368
0.009903
0.009741
0.009888
0.009856
0.009694
0.009766
0.009811
0.009796
0.009769
0.009695
0.009747
0.009739
0.009864
0.009990
0.009724
0.010151
0.009790
0.010951
0.010402
0.010189
0.009744
0.010791
0.009787
0.010266
0.009944
0.009917
0.009849
0.009975
0.010215
0.010375
0.010336
0.009735
0.010106
0.009704
0.009832
0.009870
0.010232
0.009818
0.009966
0.009793
0.009829
0.010023
0.009940
0.010017
0.009937
0.010101
0.010010
0.010134
0.010141
0.009847
0.010571
0.009972
0.009767
0.010080
0.009911
0.009781
0.009895
0.009852
0.009817
0.010191
0.009814
0.009825
0.009727
0.009693
0.009684
0.009826
0.009945
0.009825
0.010609
0.009795
0.009979
0.009882
0.010292
0.010624
0.010232
0.010112
0.009962
0.010247
0.009885
0.009869
0.010081
0.009661
0.009947
0.010083
0.010138
0.010145
0.009752
0.009957
0.010377
0.010084
0.010624
0.010072
0.009717
0.009699
0.009794
0.010097
0.009884
0.010135
0.010087
0.009936
0.009667
0.011619
0.010182
0.010157
0.009849
0.010345
0.009684
0.009952
0.014548
0.009845
0.009716
0.009841
0.009864
0.010261
0.009832
0.011489
0.009856
0.009915
0.010055
0.010201
0.009884
0.009854
0.009691
0.009703
0.009706
0.010030
0.010150
0.010214
0.009999
0.010044
0.009759
0.010216
0.009886
0.010069
0.009726
0.010023
0.009998
0.010557
0.010091
0.009820
0.009794
0.009703
0.009845
0.010899
0.010372
0.010202
0.009879
0.009748
0.009893
0.009920
0.009887
0.009750
0.009972
0.009892
0.010036
0.009980
0.010309
0.010190
0.010374
0.010279
0.009858
0.010496
0.010419
0.011713
0.009763
0.010003
0.009856
0.009909
0.009793
0.009748
0.010040
0.009718
0.011259
0.010399
0.010012
0.009832
0.009985
0.009705
0.010564
0.011139
0.010003
0.009812
0.009946
0.010046
0.010316
0.010197
0.009819
0.010116
0.009827
0.010237
0.010036
0.010529
0.010175
0.010205
0.009945
0.010465
0.009695
0.010074
0.009744
0.009860
0.009919
0.009835
0.009944
0.010209
0.010029
0.009824
0.009781
0.009658
0.009990
0.010053
0.010129
0.009812
0.010242
0.009763
0.010566
0.009915
0.009981
0.009958
0.009903
0.009903
0.009821
0.010160
0.009804
0.009775
0.009723
0.009668
0.009758
0.009730
0.010098
0.010543
0.009921
0.009779
0.009732
0.009764
0.009886
0.009887
0.009759
0.009675
0.009754
0.010331
0.009933
0.010409
0.010112
0.009770
0.010464
0.010037
0.010350
0.009776
0.010054
0.009727
0.010073
0.009899
0.010849
0.009818
0.009699
0.009707
0.009780
0.009824
0.009756
0.009863
0.009833
0.009652
0.009705
0.009752
0.009828
0.010380
0.009976
0.009905
0.009968
0.010045
0.009888
0.009850
0.010345
0.009934
0.010369
0.011175
0.009811
0.009939
0.009801
0.009771
0.009742
0.010011
0.010067
0.010016
0.009776
0.009742
0.010667
0.010250
0.010562
0.009702
0.009651
0.009706
0.009718
0.009878
0.009836
0.009824
0.009742
0.009737
0.009989
0.009880
0.009785
0.010051
0.009782
0.009808
0.009775
0.009726
0.010186
0.009775
0.010094
0.009726
0.009834
0.009783
0.010302
0.010163
0.010523
0.009853
0.009923
0.009697
0.010421
0.010010
0.009819
0.009985
0.009750
0.010023
0.010554
0.010360
0.009771
0.009994
0.009686
0.010778
0.010044
0.010169
0.009856
0.009932
0.009738
0.009768
0.010024
0.009907
0.009745
0.009707
0.009814
0.009712
0.009857
0.010312
0.009778
0.009743
0.009799
0.009794
0.009735
0.010083
0.009769
0.009843
0.009696
0.009662
0.010618
0.010283
0.010580
0.009729
0.010302
0.009958
0.009724
0.010452
0.010056
0.010486
0.009888
0.010450
0.009720
0.010133
0.010926
0.009685
0.009722
0.010749
0.009688
0.010095
0.009976
0.009700
0.009755
0.009844
0.009727
0.009896
0.009877
0.010036
0.009934
0.009956
0.009996
0.010177
0.010192
0.010475
0.009939
0.010423
0.009952
0.010458
0.010633
0.009752
0.009837
0.009667
0.009764
0.009853
0.009806
0.009815
0.012127
0.010448
0.010099
0.010055
0.010033
0.009747
0.009776
0.009665
0.009791
0.009961
0.010453
0.009959
0.009826
0.009888
0.009801
0.010330
0.010462
0.010251
0.010429
0.010908
0.010134
0.010736
0.010621
0.010105
0.010034
0.009906
0.009700
0.010095
0.010051
0.009807
0.009733
0.009772
0.009708
0.009961
0.010273
0.009699
0.009924
0.009775
0.010351
0.009838
0.009954
0.009905
0.009969
0.009940
0.009780
0.010141
0.009888
0.009930
0.009805
0.009719
0.009744
0.009958
0.009984
0.009836
0.010005
0.009784
0.009667
0.009928
0.009993
0.009647
0.009916
0.009646
0.009670
0.009847
0.009955
0.009739
0.009770
0.009743
0.010242
0.010154
0.010018
0.009865
0.010006
0.009734
0.010011
0.009751
0.010331
0.010261
0.010097
0.009927
0.010170
0.009766
0.009840
0.010384
0.009677
0.009740
0.010063
0.009802
0.009986
0.009971
0.009771
0.009734
0.009780
0.009721
0.009665
0.009899
0.009911
0.010095
0.010001
0.009964
0.011083
0.010765
0.010551
0.009966
0.010258
0.009987
0.010248
0.009832
0.009763
0.009668
0.009726
0.009879
0.009913
0.009752
0.010858
0.009929
0.009751
0.009816
0.009875
0.010061
0.009771
0.009830
0.009697
0.009793
0.009772
0.009736
0.010008
0.009954
0.009868
0.010225
0.009981
0.010284
0.009852
0.009949
0.009851
0.009775
0.010026
0.010405
0.010365
0.009697
0.009729
0.009777
0.010147
0.009907
0.010049
0.009683
0.009762
0.009750
0.009692
0.009912
0.009994
0.009910
0.010258
0.010575
0.009812
0.010302
0.010444
0.010460
0.010035
0.010296
0.010110
0.010642
0.010145
0.009931
0.010219
0.010293
0.010163
0.010148
0.010458
0.010237
0.010215
0.011089
0.010513
0.010233
0.010473
0.009907
0.009733
0.010170
0.009718
0.009873
0.009824
0.010065
0.009906
0.010486
0.009853
0.010352
0.010657
0.010371
0.009773
0.010345
0.011072
0.009785
0.010252
0.010065
0.009815
0.009811
0.009833
0.009705
0.010408
0.010122
0.009944
0.010466
0.010186
0.010300
0.010536
0.010369
0.010008
0.009904
0.009804
0.009836
0.010151
0.009822
0.009811
0.010579
0.010074
0.009732
0.010445
0.010328
0.010289
0.009819
0.009726
0.009746
0.009817
0.010178
0.009727
0.009900
0.009954
0.010294
0.010136
0.009720
0.009805
0.009802
0.009811
0.009639
0.009838
0.010138
0.009879
0.009875
0.010227
0.010224
0.009894
0.010147
0.010847
0.009939
0.011748
0.009942
0.010365
0.010062
0.009887
0.009728
0.009690
0.009822
0.009863
0.010046
0.009651
0.009949
0.009776
0.009666
0.009703
0.010271
0.009677
0.009831
0.009878
0.009694
0.009767
0.009724
0.010054
0.009785
0.009730
0.009741
0.009898
0.009839
0.009781
0.009890
0.009795
0.009686
0.009697
0.009718
0.009979
0.010558
0.009767
0.009743
0.009698
0.009701
0.009823
0.010691
0.009828
0.009681
0.009664
0.009716
0.009663
0.010701
0.009795
0.011120
0.010138
0.010237
0.009865
0.011104
0.009967
0.010146
0.010073
0.010187
0.009836
0.010166
0.010169
0.009830
0.009666
0.009686
0.009900
0.010080
0.009981
0.009718
0.009950
0.009744
0.009949
0.010149
0.010345
0.009761
0.010556
0.009767
0.009954
0.010118
0.010588
0.009694
0.010523
0.009749
0.009967
0.010416
0.009980
0.009731
0.009720
0.009856
0.009750
0.009926
0.010002
0.009725
0.009664
0.009917
0.009696
0.009724
0.010188
0.009674
0.010336
0.010181
0.009933
0.009831
0.010162
0.010084
0.009840
0.009719
0.009913
0.010028
0.009974
0.009785
0.009962
0.009838
0.010529
0.009929
0.010466
0.009955
0.009970
0.009695
0.009689
0.009820
0.010867
0.010092
0.010457
0.009650
0.009754
0.009801
0.013561
0.010013
0.010895
