0.107981
0.100608
0.100599
0.100155
0.100514
0.100264
0.112787
0.112381
0.101592
0.106637
0.106575
0.103954
0.101408
0.096067
0.099236
0.098915
0.109481
0.096051
0.099760
0.100019
0.112166
0.108490
0.104849
0.101398
0.099558
0.098514
0.102600
0.097621
0.100203
0.096475
0.107449
0.103371
0.101561
0.101604
0.103591
0.101776
0.112350
0.096950
0.100070
0.102598
0.109500
0.096828
0.096342
0.096056
0.101375
0.109814
0.106741
0.097049
0.108615
0.096578
0.109700
0.100729
0.108746
0.096785
0.095433
0.095098
0.095210
0.094815
0.105304
0.103990
0.097328
0.103693
0.098388
0.094158
0.098973
0.104993
0.097372
0.109223
0.095525
0.096773
0.096863
0.101449
0.098636
0.101430
0.106665
0.105423
0.103429
0.099877
0.108002
0.109398
0.106818
0.097504
0.100433
0.100206
0.100710
0.097683
0.104684
0.103608
0.098492
0.106428
0.103310
0.097640
0.098407
0.108334
0.101002
0.100251
0.104385
0.101999
0.104633
0.102822
0.103705
0.000045
0.000037
0.000009
0.000014
0.000015
0.000015
0.000014
0.000029
0.000022
0.000020
0.000021
0.000015
0.000010
0.000016
0.000010
0.000013
0.000010
0.000021
0.000009
0.000010
0.000019
0.000024
0.000035
0.000024
0.000032
0.000034
0.000024
0.000024
0.000042
0.000084
0.000251
0.000263
0.000025
0.000027
0.000038
0.000037
0.000038
0.000037
0.000042
0.000081
0.000039
0.000038
0.000048
0.000036
0.000037
0.000059
0.000039
0.000038
0.000038
0.000046
0.000038
0.000050
0.000031
0.000072
0.000030
0.000038
0.000069
0.000031
0.000031
0.000033
0.000036
0.000020
0.000033
0.000039
0.000038
0.000039
0.000040
0.000041
0.000041
0.000040
0.000049
0.000073
0.000043
0.000043
0.000073
0.000043
0.000043
0.000065
0.000054
