0.002701
0.002686
0.002415
0.002438
0.002539
0.002429
0.002433
0.002517
0.002464
0.002435
0.002421
0.002771
0.002503
0.002429
0.002687
0.002723
0.002488
0.002532
0.002500
0.002440
0.002491
0.002507
0.002661
0.002496
0.002528
0.002501
0.002496
0.003065
0.002533
0.002424
0.002433
0.002459
0.002445
0.002723
0.002705
0.002489
0.002422
0.002690
0.002549
0.002478
0.002434
0.002428
0.002421
0.002498
0.002696
0.002515
0.002567
0.002534
0.002492
0.002483
0.002442
0.002438
0.002478
0.002444
0.002726
0.002709
0.002495
0.002427
0.002507
0.002472
0.002654
0.002496
0.002455
0.002423
0.002428
0.002428
0.002628
0.002677
0.002519
0.002434
0.002454
0.002438
0.002478
0.002437
0.002434
0.002429
0.002435
0.002609
0.002554
0.002488
0.002425
0.002443
0.002475
0.002537
0.002520
0.002418
0.002494
0.002503
0.002648
0.002542
0.002546
0.002461
0.002479
0.002983
0.002468
0.002440
0.002437
0.002430
0.002467
0.002729
0.002705
0.002476
0.002437
0.002438
0.002562
0.002521
0.002539
0.002626
0.002425
0.002586
0.002534
0.002461
0.002478
0.002484
0.002527
0.002538
0.003068
0.002510
0.002460
0.002725
0.002465
0.002519
0.002539
0.002434
0.002556
0.002540
0.002521
0.002494
0.002431
0.002441
0.002485
0.002513
0.002807
0.002504
0.002566
0.002486
0.002474
0.002575
0.002497
0.002432
0.002440
0.002428
0.002416
0.002549
0.002508
0.002511
0.002419
0.002450
0.002540
0.002467
0.002490
0.002423
0.002461
0.002434
0.002738
0.002470
0.002432
0.002427
0.002432
0.002633
0.002540
0.002419
0.002432
0.002520
0.002426
0.002708
0.002502
0.002539
0.002498
0.002429
0.002808
0.002477
0.002478
0.002434
0.002437
0.002514
0.002628
0.002617
0.002501
0.002474
0.002443
0.002507
0.002628
0.002514
0.002524
0.002476
0.002442
0.002706
0.002532
0.002426
0.002507
0.002432
0.002433
0.002539
0.002422
0.002498
0.002428
0.002422
0.002712
0.002427
0.002433
0.002411
0.002426
0.002550
0.002431
0.002443
0.002615
0.002510
0.002540
0.002515
0.002522
0.002417
0.002441
0.002477
0.002484
0.002512
0.002462
0.002438
0.002424
0.002422
0.002674
0.002511
0.002449
0.002478
0.002564
0.002937
0.002481
0.002474
0.002420
0.002429
0.002498
0.002650
0.002659
0.002850
0.002533
0.002429
0.002491
0.002443
0.002427
0.002425
0.002425
0.002488
0.002849
0.002914
0.002511
0.002517
0.002523
0.002509
0.002428
0.002442
0.002435
0.002432
0.002471
0.002511
0.002948
0.002500
0.002576
0.002544
0.002510
0.002428
0.002438
0.002578
0.002520
0.002446
0.002709
0.002509
0.002510
0.002551
0.003208
0.002461
0.002425
0.002471
0.002537
0.002453
0.002441
0.002726
0.002425
0.002539
0.002509
0.002429
0.002498
0.002501
0.002429
0.002511
0.002431
0.002426
0.002787
0.002528
0.002518
0.002686
0.002460
0.002438
0.002460
0.002416
0.002424
0.002472
0.002483
0.002678
0.002495
0.002425
0.002539
0.002709
0.003115
0.002431
0.002433
0.002445
0.002517
0.002489
0.002491
0.002635
0.002546
0.002526
0.002426
0.002494
0.002424
0.002420
0.002452
0.002474
0.002655
0.002447
0.002440
0.002823
0.002527
0.002562
0.002554
0.002440
0.002560
0.002426
0.002429
0.002737
0.002460
0.002771
0.002513
0.002700
0.002429
0.002428
0.002465
0.002447
0.002446
0.002548
0.002729
0.002525
0.002603
0.002482
0.002429
0.002530
0.002436
0.002431
0.002713
0.002448
0.002506
0.002582
0.002877
0.002426
0.002788
0.002509
0.002575
0.002481
0.002435
0.002519
0.002514
0.002554
0.002531
0.002487
0.002549
0.002519
0.002458
0.002435
0.002434
0.002427
0.002510
0.002433
0.002426
0.002658
0.002494
0.002450
0.002601
0.002510
0.002433
0.002435
0.002440
0.002432
0.002528
0.002419
0.002600
0.002604
0.002516
0.002423
0.002540
0.002521
0.002579
0.002438
0.002442
0.002438
0.002432
0.002707
0.002492
0.002676
0.002529
0.002434
0.002431
0.002536
0.002432
0.002505
0.002437
0.002428
0.002716
0.002505
0.002549
0.002471
0.002523
0.002641
0.002501
0.002570
0.002518
0.002529
0.002488
0.002475
0.002544
0.002434
0.002550
0.002467
0.002769
0.002452
0.002593
0.002700
0.002720
0.002511
0.002491
0.002542
0.002556
0.002496
0.002510
0.002529
0.002547
0.002512
0.002571
0.002564
0.002494
0.002535
0.002797
0.002727
0.002523
0.002541
0.002419
0.002434
0.002595
0.002498
0.002494
0.002544
0.002917
0.002664
0.002696
0.002560
0.002636
0.002526
0.002521
0.002516
0.002499
0.002412
0.002520
0.002709
0.002512
0.002586
0.002561
0.002551
0.002702
0.002847
0.002529
0.002512
0.002513
0.002524
0.002431
0.002453
0.002440
0.002434
0.002598
0.002726
0.002416
0.002509
0.002472
0.003280
0.002575
0.002540
0.002586
0.002425
0.002650
0.002514
0.002504
0.002624
0.002601
0.002653
0.002520
0.002428
0.002425
0.002651
0.002475
0.002648
0.002514
0.002514
0.002582
0.002627
0.003431
0.002508
0.002416
0.002510
0.002493
0.002529
0.002841
0.002550
0.002514
0.002480
0.002524
0.002534
0.002543
0.002502
0.002435
0.002822
0.002908
0.002515
0.002499
0.002517
0.002770
0.002589
0.002597
0.002525
0.002530
0.002541
0.002564
0.002642
0.002672
0.002530
0.002557
0.002770
0.002524
0.002749
0.002468
0.002525
0.002615
0.002526
0.002791
0.002505
0.002599
0.002518
0.002534
0.002731
0.002525
0.002537
0.002546
0.002515
0.002534
0.002977
0.002502
0.002800
0.002502
0.003299
0.002519
0.002499
0.002604
0.002569
0.002428
0.002420
0.002672
0.002556
0.002542
0.002501
0.002561
0.002773
0.002522
0.002424
0.002496
0.002679
0.002431
0.002513
0.002577
0.003012
0.002575
0.002418
0.002629
0.002608
0.002518
0.002434
0.002695
0.002540
0.002523
0.002693
0.002466
0.002431
0.002667
0.002509
0.002488
0.002468
0.002463
0.002439
0.002627
0.002683
0.002544
0.002559
0.002571
0.002431
0.002450
0.002575
0.002526
0.002530
0.002442
0.002416
0.002777
0.002512
0.002522
0.002628
0.002500
0.002656
0.002413
0.002510
0.002872
0.002508
0.002511
0.002558
0.002466
0.002437
0.002437
0.002861
0.002812
0.002775
0.002548
0.002519
0.002681
0.002597
0.002540
0.002543
0.002679
0.002599
0.002558
0.002645
0.002627
0.002514
0.002674
0.002504
0.002571
0.002622
0.002556
0.002649
0.002499
0.002432
0.002461
0.002545
0.002422
0.002444
0.002513
0.002701
0.002547
0.002601
0.002728
0.002611
0.002496
0.002521
0.002593
0.002653
0.002462
0.002556
0.002599
0.002662
0.002616
0.002443
0.002504
0.002513
0.002588
0.002652
0.002644
0.002499
0.002457
0.003359
0.002442
0.002517
0.002497
0.002501
0.002792
0.002421
0.002520
0.002468
0.002435
0.002423
0.002688
0.002474
0.002522
0.002468
0.002456
0.002436
0.002428
0.002492
0.002423
0.002536
0.002830
0.002938
0.002563
0.002572
0.002448
0.002441
0.002526
0.002508
0.002479
0.002965
0.002476
0.002424
0.002647
0.002735
0.002486
0.002505
0.002497
0.002583
0.002569
0.002440
0.002444
0.002463
0.002421
0.002739
0.002528
0.002673
0.002565
0.002546
0.002505
0.002517
0.002502
0.002631
0.002439
0.002439
0.002758
0.002433
0.002506
0.002484
0.002521
0.002472
0.002429
0.002419
0.002505
0.002468
0.002586
0.002669
0.002668
0.002525
0.002529
0.002518
0.002776
0.002861
0.002500
0.002680
0.002605
0.002626
0.002974
0.002558
0.002602
0.002541
0.002618
0.002546
0.002551
0.002749
0.002622
0.002654
0.002659
0.002568
0.002604
0.003292
0.002544
0.002533
0.002543
0.002460
0.002590
0.002665
0.002754
0.003662
0.002721
0.002552
0.002627
0.002532
0.002612
0.002569
0.002478
0.002513
0.002440
0.002671
0.002701
0.002507
0.002429
0.002595
0.002711
0.002436
0.002900
0.002568
0.002654
0.002604
0.002518
0.002600
0.002545
0.002626
0.002501
0.002523
0.002633
0.002495
0.002663
0.002616
0.002541
0.002535
0.002520
0.002444
0.002432
0.002435
0.002447
0.002434
0.002451
0.002422
0.002456
0.002433
0.002532
0.002565
0.002557
0.002528
0.002458
0.003124
0.002426
0.002510
0.002471
0.002528
0.002436
0.002612
0.002611
0.002627
0.002491
0.002486
0.002513
0.002435
0.002431
0.002438
0.002508
0.002607
0.002739
0.002877
0.002664
0.002511
0.002786
0.002708
0.002571
0.002700
0.002510
0.002716
0.002513
0.002712
0.002921
0.002807
0.002745
0.002591
0.002711
0.002549
0.002768
0.002708
0.002515
0.002730
0.002527
0.002536
0.002581
0.002510
0.002541
0.002557
0.002517
0.002434
0.002533
0.002434
0.002745
0.002505
0.002581
0.002504
0.002486
0.002441
0.002833
0.002527
0.002446
0.002538
0.002521
0.002512
0.002672
0.002575
0.002524
0.002495
0.002555
0.002811
0.002581
0.002514
0.002425
0.002421
0.002555
0.002802
0.003055
0.002488
0.002489
0.002674
0.002429
0.002531
0.002582
0.002530
0.002539
0.002586
0.002768
0.002510
0.002551
0.002547
0.002619
0.002527
0.002515
0.002683
0.002623
0.002522
0.002519
0.002443
0.002528
0.002510
0.002540
0.002512
0.002547
0.002825
0.002658
0.002528
0.002934
0.002571
0.002541
0.002749
0.002539
0.002529
0.002506
0.002480
0.002555
0.002540
0.002705
0.002557
0.002743
0.002541
0.002725
0.002783
0.002554
0.002508
0.002798
0.002746
0.002594
0.002563
0.002547
0.002841
0.002551
0.002686
0.002504
0.002536
0.002770
0.002553
0.002708
0.002600
0.002561
0.002550
0.002539
0.002599
0.002681
0.002448
0.002510
0.002585
0.002514
0.002536
0.002514
0.002527
0.002552
0.002555
0.002511
0.002785
0.002656
0.002574
0.002563
0.002432
0.002428
0.002517
0.002485
0.002536
0.002780
0.002443
0.002504
0.002497
0.002784
0.002524
0.002504
0.002509
0.002807
0.002597
0.002544
0.002760
0.002739
0.002671
0.002565
0.002585
0.002472
0.002644
0.002581
0.002492
0.002723
0.002515
0.002628
0.002507
0.002657
