1.732322
1.729489
1.722652
1.733836
1.740634
1.720998
1.740276
1.730864
1.750344
0.239894
0.238363
0.038999
0.001850
0.000571
0.004711
0.004513
0.002057
0.001669
0.004389
0.004392
0.004369
0.004681
0.004662
0.000543
0.004602
0.004603
0.004502
0.004702
0.004760
0.004591
0.004684
0.004633
0.001890
0.003828
0.003806
0.003870
0.003881
0.003825
0.003761
0.003660
0.004013
0.002496
0.002051
0.002561
0.001987
0.001960
0.001933
0.002288
0.002015
0.002003
0.002023
0.001940
0.002581
0.002037
0.001988
0.001945
0.002007
0.002258
0.002401
0.002310
0.001986
0.002547
0.001956
0.002379
0.002254
0.001930
0.001948
0.001933
0.002138
0.002685
0.000843
0.000903
0.000963
0.001027
0.000950
0.001132
0.001099
0.005453
0.001987
0.002167
0.006241
0.010534
0.034385
0.001006
0.000986
0.000963
0.001185
