0.019368
0.017985
0.017645
0.018281
0.018702
0.018466
0.019027
0.019082
0.018588
0.018121
0.017739
0.018354
0.019225
0.018073
0.017720
0.018040
0.019044
0.018036
0.017908
0.017988
0.018498
0.018295
0.018018
0.017965
0.018265
0.018203
0.017707
0.017955
0.019257
0.017898
0.018123
0.018097
0.018557
0.018175
0.018023
0.017763
0.018632
0.018357
0.018090
0.018053
0.018307
0.018127
0.018364
0.018116
0.018460
0.018902
0.018022
0.018024
0.018247
0.018282
0.018338
0.018258
0.018396
0.018160
0.018650
0.018072
0.018590
0.017959
0.018141
0.018109
0.018669
0.017903
0.018405
0.018073
0.018052
0.018079
0.018138
0.019221
0.018523
0.018096
0.017820
0.018569
0.022027
0.018346
0.018170
0.018053
0.018050
0.018202
0.018357
0.018608
0.018417
0.017736
0.018189
0.018401
0.018467
0.017812
0.018060
0.018169
0.018718
0.017747
0.017825
0.018776
0.018336
0.017876
0.017778
0.018029
0.018562
0.017762
0.017825
0.017867
0.019134
0.018306
0.017895
0.017838
0.018753
0.018094
0.017784
0.017964
0.019089
0.017914
0.017880
0.018320
0.018638
0.018238
0.017771
0.018045
0.018249
0.018799
0.017648
0.017712
0.018797
0.018604
0.018083
0.017939
0.018451
0.018333
0.017820
0.018754
0.018234
0.018624
0.017851
0.017714
0.018315
0.018385
0.017985
0.018167
0.018755
0.018486
0.021615
0.018319
0.018783
0.018601
0.018778
0.018616
0.018672
0.018738
0.018766
0.018406
0.018484
0.018671
0.019130
0.019383
0.018345
0.018249
0.018593
0.018061
0.018252
0.018315
0.018635
0.018832
0.018585
0.018324
0.020065
0.019548
0.018807
0.018504
0.019640
0.018196
0.018544
0.018399
0.017999
0.018057
0.018445
0.019018
0.018287
0.017739
0.019001
0.018830
0.018975
0.018599
0.019173
0.018948
0.017825
0.019704
0.018489
0.020462
0.018581
0.017947
0.018102
0.018283
0.018020
0.017955
0.018215
0.018386
0.018251
0.017982
0.019046
0.019102
0.018687
0.018153
0.018234
0.018358
0.018047
0.018242
0.018582
0.018397
0.018142
0.018454
0.018463
0.018723
0.018016
0.017959
0.022598
0.018294
0.018081
0.018206
0.018740
0.018859
0.018674
0.018841
0.018066
0.019106
0.018016
0.017912
0.018880
0.018587
0.017981
0.017808
0.018703
0.018197
0.018537
0.017724
0.018054
0.018438
0.018566
0.018722
0.018367
0.018730
0.018928
0.018771
0.018371
0.018668
0.018787
0.018021
0.022596
0.018554
0.019377
0.018196
0.018801
0.018750
0.018888
0.018393
0.018558
0.019278
0.019045
0.018668
0.018820
0.019217
0.019059
0.019045
0.019122
0.018717
0.018409
0.018645
0.019138
0.018778
0.018253
0.018060
0.018243
0.019074
0.018675
0.022764
0.018926
0.018695
0.018309
0.018000
0.018527
0.018618
0.018143
0.018117
0.022300
0.018623
0.018279
0.018317
0.017915
0.018441
0.018449
0.018031
0.018191
0.017915
0.018367
0.018377
0.018347
0.022946
0.018482
0.018662
0.018382
0.018269
0.017855
0.018391
0.018439
0.018979
0.019376
0.017903
0.018434
0.018563
0.018332
0.018090
0.018314
0.018652
0.018653
0.017977
0.019626
0.018502
0.018662
0.017875
0.018088
0.018212
0.018147
0.017787
0.018855
0.018333
0.018559
0.018043
0.018383
0.018251
0.018478
0.017659
0.018216
0.018247
0.018571
0.017801
0.018004
0.018834
0.018057
0.017717
0.018918
0.018529
0.018092
0.018086
0.018869
0.021136
0.018471
0.018224
0.018040
0.018710
0.018038
0.018067
0.018783
0.018207
0.018236
0.017916
0.018256
0.018102
0.018369
0.018377
0.018992
0.018557
0.018418
0.018784
0.018383
0.018533
0.018602
0.017910
0.018460
0.018437
0.018387
0.018158
0.018333
0.018564
0.018727
0.017857
0.018369
0.018440
0.017805
0.018002
0.018184
0.018184
0.019193
0.017983
0.018192
0.018655
0.018540
0.018242
0.018982
0.018712
0.018871
0.018230
0.018324
0.018180
0.018276
0.018000
0.018330
0.018841
0.018783
0.018577
0.018703
0.019446
0.018705
0.018113
0.018329
0.018464
0.018379
0.018335
0.018299
0.018595
0.018337
0.018244
0.018239
0.018527
0.018955
0.018052
0.018229
0.018689
0.018033
0.018150
0.018074
0.017931
0.018293
0.018128
0.018529
0.018630
0.018302
0.017992
0.018848
0.021764
0.018105
0.017926
0.018389
0.018259
0.018588
0.017969
0.018045
0.018379
0.018238
0.018162
0.018527
0.018252
0.017853
0.022171
0.018414
0.018736
0.019527
0.017992
0.018417
0.018576
0.017955
0.017756
0.018255
0.018378
0.018312
0.017816
0.018144
0.018003
0.019231
0.017758
0.017916
0.018797
0.018380
0.019292
0.018265
0.018976
0.018380
0.018630
0.018170
0.018292
0.018584
0.019032
0.018611
0.017976
0.018391
0.018226
0.018918
0.018063
0.018428
0.018083
0.018726
0.019096
0.019200
0.018862
0.018762
0.017920
0.018195
0.018157
0.018417
0.017779
0.018199
0.018484
0.018795
0.017926
0.017915
0.018171
0.018728
0.018043
0.017968
0.018181
0.018134
0.018726
0.018029
0.019125
0.018616
0.017981
0.017978
0.019018
0.018401
0.018414
0.018317
0.018448
0.018212
0.018216
0.018855
0.018119
0.017993
0.018512
0.019022
0.017914
0.018576
0.018616
0.019318
0.017827
0.018178
0.017901
0.018201
0.018053
0.018118
0.019348
0.018711
0.018123
0.018856
0.018133
0.018271
0.018185
0.018653
0.018020
0.018653
0.018293
0.018831
0.018684
0.018530
0.018215
0.018267
0.017890
0.017902
0.018332
0.018504
0.017950
0.018044
0.018432
0.018617
0.018057
0.018078
0.018652
0.018182
0.020145
0.018591
0.018215
0.018185
0.017937
0.018594
0.017999
0.017972
0.018169
0.017992
0.018390
0.018952
0.018205
0.018144
0.018207
0.018168
0.017681
0.018135
0.018365
0.018089
0.018009
0.018401
0.018668
0.018614
0.018384
0.018205
0.018352
0.018429
0.018294
0.018762
0.019921
0.018687
0.018533
0.018657
0.018759
0.018914
0.018739
0.018484
0.018883
0.018534
0.019046
0.018221
0.018350
0.018345
0.022282
0.017775
0.018303
0.019105
0.018490
0.018407
0.018485
0.018555
0.018157
0.017736
0.018348
0.018413
0.018561
0.018653
0.018208
0.018933
0.018686
0.018925
0.018325
0.018765
0.018423
0.017990
0.018193
0.019084
0.018367
0.018571
0.018884
0.019639
0.018764
0.018093
0.018525
0.019241
0.018741
0.018992
0.019182
0.018516
0.018451
0.018983
0.019980
0.020031
0.020079
0.019887
0.020027
0.020394
0.020202
0.020096
0.019579
0.018454
0.018161
0.020259
0.020277
0.021018
0.020007
0.020076
0.019964
0.019947
0.020544
0.019413
0.018462
0.018956
0.019929
0.020308
0.020604
0.020156
0.020173
0.020299
0.019983
0.019937
0.019151
0.018530
0.018743
0.018806
0.018509
0.018322
0.018577
0.019064
0.018251
0.018387
0.018444
0.019432
0.018367
0.018168
0.018315
0.018912
0.018520
0.018793
0.018668
0.018425
0.018394
0.018884
0.019215
0.019066
0.018761
0.018438
0.018616
0.018818
0.018590
0.018161
0.018462
0.021854
0.018523
0.018375
0.018354
0.018340
0.017821
0.018676
0.018751
0.018694
0.018426
0.018261
0.018846
0.018754
0.018697
0.018434
0.018304
0.018538
0.018366
0.018123
0.018181
0.018341
0.018217
0.017991
0.018560
0.018469
0.018094
0.018055
0.018245
0.018631
0.018674
0.018539
0.018670
0.019018
0.018395
0.018060
0.019298
0.018853
0.018178
0.017903
0.022544
0.018572
0.018095
0.017739
0.018038
0.018409
0.018345
0.018791
0.018488
0.018844
0.018162
0.018645
0.019224
0.018652
0.018289
0.018941
0.018292
0.018704
0.018453
0.018066
0.018268
0.018641
0.018568
0.018826
0.018225
0.018609
0.018870
0.017958
0.018694
0.021963
0.018374
0.018344
0.019391
0.018722
0.019004
0.018609
0.019014
0.018582
0.018120
0.018381
0.019019
0.019136
0.018825
0.018609
0.018490
0.018846
0.021669
0.017889
0.018397
0.018141
0.017996
0.017885
0.018607
0.019097
0.018632
0.018264
0.018602
0.018902
0.018536
0.018399
0.019313
0.018548
0.019484
0.020100
0.019976
0.022640
0.019893
0.019934
0.020185
0.019983
0.018801
0.018039
0.019885
0.020224
0.020108
0.020030
0.020189
0.020081
0.019960
0.020046
0.019967
0.019931
0.020002
0.020011
0.019295
0.018374
0.019621
0.020330
0.020018
0.020112
0.019944
0.019893
0.020080
0.020167
0.020024
0.019948
0.020228
0.018257
0.018133
0.017992
0.018092
0.019587
0.018374
0.020033
0.020019
0.020284
0.019982
0.019894
0.019958
0.019909
0.019992
0.019967
0.018880
0.018035
0.018023
0.022366
0.018429
0.019422
0.018233
0.018695
0.018929
0.018931
0.018618
0.018823
0.018663
0.020489
0.018458
0.018279
0.018536
0.018822
0.018436
0.018347
0.018367
0.019007
0.018387
0.018316
0.018549
0.018389
0.018546
0.018896
0.018432
0.018912
0.018127
0.018897
0.018641
0.018724
0.018753
0.018723
0.018817
0.019127
0.018957
0.019079
0.020949
0.019042
0.018996
0.019646
0.018940
0.018473
0.018312
0.018118
0.018186
0.018202
0.019333
0.018609
0.018903
0.019070
0.018748
0.018874
0.018595
0.018669
0.018178
0.017944
0.018297
0.018662
0.018488
0.018731
0.018515
0.018805
0.018693
0.018088
0.018405
0.018863
0.018081
0.018164
0.018420
0.018741
0.018402
0.018045
0.018328
0.019310
0.018309
0.017897
0.019202
0.018701
0.017855
0.017827
0.018395
0.018868
0.018992
0.018756
0.018627
0.018517
0.018576
0.018115
0.018368
0.018251
0.018387
0.018031
0.018569
0.018866
0.018216
0.019622
0.018902
0.018576
0.018895
0.018605
0.018714
0.018968
0.018283
0.018387
0.018779
0.018516
0.018193
0.020043
0.018405
0.019067
0.018601
0.018359
0.018406
0.018844
0.018205
0.017766
0.018146
0.018471
0.018369
0.018460
0.022294
0.019345
0.018739
0.018074
0.018157
0.019136
0.018873
0.017942
0.018713
0.018482
0.018464
0.018782
0.018730
0.018823
0.023796
0.019010
0.019495
0.018800
0.018662
0.018789
0.018610
0.019273
0.018495
0.018313
0.018682
0.018855
0.019022
0.018758
0.018775
