6.931222
7.036296
6.981770
6.981257
7.299354
7.313455
6.986745
6.923826
7.122997
7.136986
7.021822
6.921594
7.056028
7.043539
7.026240
7.137824
6.983179
6.994448
7.001908
7.116272
7.015940
7.022049
6.972996
7.055597
7.073450
7.071396
7.076830
7.102815
7.005472
7.010489
7.135530
7.321934
7.139757
7.036029
6.997399
7.115963
7.038941
7.081094
7.093807
7.108651
7.009756
6.980956
7.011292
7.040006
7.009635
6.967220
6.973108
6.975995
7.031087
7.038432
7.027786
6.918428
7.056715
6.899807
6.944092
6.943901
6.916776
6.950557
7.057055
6.878765
7.025687
7.010123
6.951846
7.001135
6.900933
6.861488
6.923706
6.960308
6.987671
7.009762
7.005271
7.235508
7.215433
7.029241
7.121018
7.050780
7.107032
7.068534
7.022723
7.197830
7.387959
7.250494
7.032840
6.957433
7.056353
6.956901
7.076958
7.006508
7.023441
7.040333
7.060979
7.037151
6.978723
7.352441
7.054117
7.228276
7.257735
7.044326
7.050690
7.051892
7.128745
7.075284
7.017710
7.025164
7.045503
7.112001
7.073593
6.950361
7.119986
7.107987
7.107445
7.029455
7.064512
7.200966
7.077574
7.127432
6.957593
6.976409
6.969030
7.076382
7.002503
7.051015
7.331381
7.488112
6.977947
7.088351
7.193773
7.309619
7.056626
6.958852
7.061005
7.090710
7.738818
7.248137
7.105398
7.226270
7.282818
7.111857
6.967925
6.977808
6.960510
7.131086
7.257302
7.002268
7.009960
7.022473
7.094548
7.124351
7.132741
7.029535
7.070261
7.179942
7.123402
7.171882
7.068250
7.006959
7.086214
7.053083
6.928512
6.977495
7.006911
7.096637
7.027703
7.144732
7.044990
7.083980
7.003232
6.997906
7.025653
7.059617
6.950020
6.969965
7.059652
7.061597
7.051095
6.898943
6.913355
0.005254
