0.196931
0.191956
0.192851
0.192495
0.196278
0.196301
0.193516
0.198746
0.200251
0.193975
0.198453
0.192730
0.201189
0.197114
0.198486
0.189213
0.194418
0.202998
0.190542
0.182879
0.182716
0.186528
0.184711
0.187596
0.187836
0.189304
0.191245
0.187870
0.192487
0.188380
0.186570
0.200201
0.195791
0.197844
0.209601
0.189292
0.200142
0.198284
0.197331
0.197707
0.198849
0.199985
0.199593
0.200507
0.193233
0.201030
0.195429
0.201646
0.195616
0.194669
0.194984
0.196909
0.196201
0.199100
0.204231
0.194693
0.198700
0.194444
0.202556
0.204494
0.195761
0.200970
0.197318
0.201264
0.192514
0.194378
0.196551
0.193297
0.196416
0.193782
0.203719
0.185367
0.189868
0.195034
0.196787
0.195362
0.193560
0.193119
0.193222
0.197642
0.197452
0.193561
0.189981
0.192442
0.194687
0.190557
0.192957
0.190050
0.193055
0.191410
0.198692
0.194845
0.193297
0.194038
0.187160
0.186372
0.192208
0.189146
0.000026
0.000057
