0.218664
0.219081
0.213329
0.215197
0.219686
0.218067
0.216018
0.215630
0.214836
0.215205
0.215218
0.216631
0.215445
0.218456
0.236927
0.228004
0.231674
0.245269
0.229227
0.230469
0.214608
0.217741
0.218692
0.219723
0.216789
0.217458
0.214035
0.220606
0.218053
0.216200
0.221519
0.214590
0.216046
0.214330
0.215399
0.213409
0.214707
0.213367
0.217266
0.219268
0.215282
0.218264
0.214283
0.218189
0.213156
0.214782
0.216337
0.215645
0.215335
0.218551
0.226587
0.217344
0.220800
0.229017
0.220182
0.216202
0.224655
0.220082
0.217259
0.216308
0.217120
0.215600
0.218880
0.219472
0.221198
0.217882
0.214762
0.214610
0.214301
0.216860
0.223812
0.218238
0.214108
0.213377
0.214946
0.219164
0.216924
0.224013
0.215815
0.224796
0.217577
0.222411
0.216605
0.221246
0.219067
0.215675
0.216397
0.221627
0.220896
0.213368
0.218345
0.213874
0.215506
0.215097
0.214660
0.215441
0.214870
0.215367
0.216844
0.212600
0.217758
0.216262
0.215943
0.212745
0.214547
0.218247
0.214823
0.213845
0.213674
0.220168
0.219752
0.214777
0.212867
0.220502
0.219597
0.219599
0.214400
0.214438
0.218178
0.217332
0.214108
0.213322
0.217197
0.214659
0.214399
0.212687
0.213620
0.213516
0.215003
0.217380
0.214525
0.217235
0.218537
0.221315
0.216876
0.214935
0.213542
0.214115
0.215263
0.215568
0.218345
0.215915
0.220157
0.219226
0.216796
0.218135
0.217615
0.218964
0.214810
0.219019
0.219049
0.214816
0.213810
0.214942
0.213716
0.214692
0.214690
0.214665
0.213840
0.214520
0.214789
0.214766
0.214405
0.214120
0.217914
0.219317
0.219781
0.220624
0.217904
0.217886
0.216281
0.215167
0.216858
0.215357
0.217395
0.217642
0.216866
0.214531
0.212574
0.213005
0.217020
0.226454
0.220266
0.219880
0.219486
0.229709
0.213254
0.216800
0.218369
0.219410
0.216519
0.218029
0.222996
0.216162
0.221038
0.215688
0.222286
0.219092
0.220932
0.222411
0.218233
0.223901
0.216864
0.216330
0.219396
0.220266
0.216281
0.216151
0.227838
0.225300
0.217273
0.218322
0.219461
0.218385
0.225999
0.214036
0.220358
0.218444
0.216102
0.220427
0.218482
0.225359
0.219864
0.216073
0.218798
0.225179
0.223375
0.216924
0.217333
0.217740
0.216490
0.215813
0.218615
0.215212
0.218960
0.217109
0.213059
0.215831
0.219247
0.218849
0.217021
0.217038
0.214088
0.221276
0.215302
0.216739
0.219055
0.218172
0.216200
0.217966
0.213923
0.222220
0.214492
0.215487
0.216106
0.213903
0.219485
0.217500
0.217782
0.222663
0.219401
0.214909
0.215932
0.213755
0.215361
0.215022
0.219257
0.215342
0.221209
0.218236
0.216985
0.214706
0.213539
0.220814
0.220322
0.219385
0.217660
0.219206
0.217756
0.218293
0.220525
0.220269
0.219538
0.220071
0.223283
0.218491
0.220788
0.218215
0.217588
0.215474
0.219647
0.216527
0.215745
0.214075
0.214374
0.214629
0.216095
0.215206
0.214119
0.214436
0.215108
0.216947
0.218319
0.214922
0.215842
0.215145
0.215403
0.213271
0.220131
0.220888
0.217611
0.214616
0.214625
0.217385
0.220896
0.218968
0.221751
0.217932
0.224316
0.218698
0.219771
0.217949
0.217247
0.222840
0.226686
0.224544
0.219498
0.221885
0.223245
0.223093
0.221389
0.230351
0.219932
0.218191
0.219060
0.220090
0.219400
0.225025
0.221380
0.215853
0.218457
0.217608
0.219302
0.226036
0.216120
0.221350
0.218278
0.225129
0.216218
0.220614
0.232746
0.228953
0.220951
0.222555
0.220097
0.218338
0.220789
0.218585
0.238996
0.223626
0.235522
0.224599
0.219327
0.219915
0.237392
0.221906
0.216236
0.218684
0.213215
0.213126
0.213268
0.217690
0.214376
0.240296
0.223443
0.217375
0.220142
0.219758
0.218595
0.232550
0.222598
0.216765
0.240069
0.228031
0.238241
0.215164
0.215711
0.230686
0.220673
0.216351
0.230467
0.229637
0.228776
0.233826
0.213533
0.230164
0.230723
0.226557
0.226798
0.214107
0.239033
0.218565
0.218629
0.223552
0.224031
0.229968
0.224628
0.226865
0.215447
0.225145
0.224995
0.223692
0.218645
0.219131
0.218375
0.216312
0.215669
0.217652
0.239619
0.220162
0.219662
0.219477
0.236279
0.220913
0.213778
0.217982
0.213493
0.216730
0.214536
0.214220
0.214365
0.214728
0.218997
0.220515
0.221823
0.213893
0.218041
0.214801
0.216076
0.216985
0.214714
0.213928
0.212628
0.214391
0.212718
0.214484
0.212691
0.213177
0.214898
0.226722
0.214414
0.216553
0.215101
0.213689
0.216778
0.214134
0.217526
0.216156
0.214578
0.220458
0.215246
0.215082
0.214030
0.215571
0.216467
0.217872
0.218664
0.215585
0.215558
0.231678
0.214913
0.218399
0.220159
0.242226
0.221957
0.218127
0.223044
0.235328
0.215828
0.223896
0.218721
0.221902
0.243843
0.238585
0.219631
0.240427
0.225057
0.240745
0.221405
0.234963
0.217902
0.221823
0.216836
0.222755
0.223828
0.225344
0.234023
0.220375
0.216853
0.219058
0.223613
0.220874
0.218316
0.216661
0.226073
0.230329
0.228759
0.219368
0.228651
0.227611
0.218325
0.218966
0.219500
0.221110
0.220667
0.215823
0.217714
0.215436
0.220485
0.222502
0.229722
0.217124
0.221934
0.222890
0.227714
0.229599
0.229602
0.223684
0.224208
0.219563
0.216891
0.219228
0.227092
0.227287
0.217137
0.219350
0.218699
0.217166
0.218799
0.220960
0.221591
0.215875
0.216605
0.213875
0.214179
0.214717
0.216168
0.214860
0.215728
0.214721
0.226229
0.217930
0.224415
0.215747
0.218300
0.220424
0.219939
0.216677
0.221349
0.217348
0.226423
0.224752
0.216616
0.218343
0.218607
0.220327
0.219575
0.216759
0.217463
0.221656
0.236706
0.215360
0.223533
0.229718
0.217099
0.218791
0.218150
0.215424
0.216655
0.216385
0.229718
0.230800
0.225278
0.223192
0.221153
0.225206
0.220543
0.218228
0.215058
0.218569
0.227377
0.233775
0.237672
0.226440
0.214777
0.239282
0.214089
0.216484
0.213778
0.218130
0.217590
0.216564
0.220799
0.216743
0.215521
0.214786
0.222223
0.219848
0.219705
0.218548
0.216929
0.216324
0.219423
0.219622
0.221063
0.218638
0.217494
0.218515
0.218013
0.218896
0.218230
0.215548
0.215509
0.221709
0.218281
0.217766
0.228190
0.225324
0.224281
0.215933
0.235452
0.221085
0.225205
0.217755
0.225131
0.222901
0.215320
0.228521
0.216034
0.218170
0.214549
0.219320
0.217392
0.216269
0.220965
0.239912
0.214434
0.220138
0.230931
0.219057
0.216256
0.238306
0.217360
0.215883
0.238832
0.216271
0.237645
0.228404
0.238995
0.230172
0.237381
0.235829
0.215589
0.213868
0.220757
0.213404
0.214116
0.213596
0.213066
0.213085
0.225454
0.217360
0.231133
0.227597
0.216412
0.218096
0.223735
0.227527
0.218895
0.222767
0.223365
0.217576
0.219375
0.213952
0.212870
0.214663
0.215755
0.214802
0.213114
0.217231
0.224504
0.215845
0.232669
0.255770
0.235545
0.228453
0.233546
0.234703
0.229916
0.222391
0.225128
0.221121
0.220171
0.217687
0.214047
0.217292
0.221499
0.214742
0.214136
0.214168
0.214238
0.221053
0.218855
0.214313
0.213624
0.220819
0.224477
0.221211
0.215177
0.224509
0.215229
0.214375
0.225644
0.222577
0.216038
0.214731
0.214058
0.217965
0.220332
0.224562
0.213860
0.213535
0.216052
0.222372
0.212844
0.224385
0.218420
0.217603
0.215388
0.219051
0.214550
0.218206
0.222173
0.213759
0.212886
0.216824
0.220256
0.224685
0.214422
0.223532
0.215199
0.214483
0.213626
0.213377
0.220062
0.221704
0.216026
0.219636
0.214489
0.222883
0.219429
0.227696
0.215833
0.216556
0.225257
0.218778
0.219383
0.223339
0.219284
0.225912
0.215431
0.213504
0.227519
0.215337
0.224402
0.216020
0.223426
0.214869
0.226638
0.215856
0.213975
0.221257
0.220541
0.221551
0.217902
0.219686
0.221119
0.218029
0.215558
0.215780
0.224400
0.227101
0.218672
0.228057
0.218007
0.220470
0.214692
0.227975
0.217285
0.221754
0.215682
0.220408
0.221720
0.226427
0.217699
0.217608
0.214405
0.212983
0.217788
0.216156
0.228244
0.217876
0.223096
0.219855
0.217767
0.220330
0.218157
0.217228
0.227565
0.222272
0.220926
0.220214
0.214986
0.213763
0.213808
0.214788
0.214056
0.213561
0.214942
0.231517
0.221319
0.218770
0.216679
0.214547
0.217343
0.220374
0.216696
0.226548
0.215532
0.219169
0.234743
0.218271
0.242370
0.221291
0.213506
0.219401
0.213540
0.214032
0.217715
0.213252
0.212637
0.213790
0.219796
0.215629
0.212644
0.220640
0.212938
0.213559
0.219298
0.216487
0.214920
0.222428
0.217464
0.222213
0.218557
0.222426
0.217628
0.219715
0.227143
0.222014
0.227533
0.213700
0.213984
0.213443
0.213817
0.213509
0.212685
0.212967
0.214199
0.213876
0.212644
0.213914
0.213359
0.216174
0.212542
0.212778
0.217168
0.217279
0.213220
0.213489
0.212404
0.213537
0.214669
0.212833
0.213174
0.213485
0.220045
0.219295
0.214691
0.212811
0.218506
0.215820
0.213304
0.214033
0.213020
0.215681
0.212942
0.212819
0.213020
0.218637
0.220547
0.212453
0.213068
0.212682
0.217058
0.213338
0.213469
0.212445
0.212761
0.213597
0.217838
0.212869
0.212638
0.214568
0.213285
0.212450
0.212336
0.212947
0.217325
0.213359
0.213355
0.215378
0.222705
0.228170
0.212664
0.213209
0.213730
0.216978
0.213162
0.213133
0.212767
0.215516
0.212877
0.212485
0.212568
0.212571
0.216514
0.213394
0.213796
0.212768
0.218955
0.212804
0.212671
0.213597
0.212888
0.215240
0.222303
0.215840
0.212530
0.214611
0.212988
0.212437
0.213093
0.220926
0.214472
0.213887
0.213033
0.213847
0.213721
0.217389
0.217758
0.215248
0.219681
0.217620
0.213716
0.213582
0.213277
0.217230
0.213875
0.213144
0.212386
0.212720
0.221766
0.217112
0.214094
0.225916
0.215897
0.215128
0.212964
0.213777
0.213909
0.213289
0.213724
0.212957
0.213478
0.214148
0.212699
0.212545
0.212486
0.214035
