3.819033
4.018433
3.703748
3.972963
3.585502
3.667235
3.702080
3.524176
3.598209
4.032825
3.888591
3.444261
3.804074
3.827950
3.728752
3.798029
3.645751
3.729716
3.888221
3.739640
3.782953
3.408974
3.927278
3.723653
3.411652
3.734311
3.346799
3.727758
3.860104
3.634001
3.368353
3.662786
3.723470
3.725685
3.697577
3.584414
3.781152
3.869343
3.651599
3.210539
3.824801
3.988483
3.545682
3.745433
4.062415
3.899043
3.719888
3.704451
3.808857
3.522349
3.826553
4.080175
3.867247
3.893011
3.633313
3.802196
3.488358
3.638837
3.859124
3.689135
3.684879
3.595207
3.788185
3.683499
3.656116
3.440594
3.382818
3.907209
3.719969
3.933587
3.837143
3.608699
3.843343
3.434258
3.199771
3.322801
3.574648
3.597160
3.441789
3.914534
3.957058
3.616296
3.774371
3.657721
3.289646
3.366438
3.719326
3.582025
3.848052
3.624113
3.915709
3.886599
3.495787
3.481408
3.702757
3.304844
3.602573
3.535747
3.543005
3.516496
